450 684 696 708 720 732 744 756 768 780 792 804 816 828 840 852 864 876 888 900 912 924 936 948 960 972 984 996 1008 1020 1032 1044 1056 1068 1080 1092 1104 1116 1128 1140 1152 1164 1176 1188 1200 1212 1224 1236 1248 1260 1272 1284 1296 1308 1320 1332 1344 1356 1368 1380 1392 1404 1416 1428 1440 1452 1464 1476 1488 1500 1512 1524 1536 1548 1560 1572 1584 1596 1608 1620 1632 1644 1656 1668 1680 1692 1704 1716 1728 1740 1752 1764 1776 1788 1800 1812 1824 1836 1848 1860 1872 1884 1896 1908 1920 1932 1944 1956 1968 1980 1992 2004
2691 4050 4068 4086 4104 4122 4140 4158 4176 4194 4212 4230 4248 4266 4284 4302 4320 4338 4356 4374 4392 4410 4428 4446 4464 4482 4500 4518 4536 4554 4572 4590 4608 4626 4644 4662 4680 4698 4716 4734 4752 4770 4788 4806 4824 4842 4860 4878 4896 4914 4932 4950 4968 4986 5004 5022 5040 5058 5076 5094 5112 5130 5148 5166 5184 5202 5220 5238 5256 5274 5292 5310 5328 5346 5364 5382 5400 5418 5436 5454 5472 5490 5508 5526 5544 5562 5580 5598 5616 5634 5652 5670 5688 5706 5724 5742 5760 5778 5796 5814 5832 5850 5868 5886 5904 5922 5940 5958 5976 5994 6012 6030
3379 5082 5100 5118 5136 5154 5172 5190 5208 5226 5244 5262 5280 5298 5316 5334 5352 5370 5388 5406 5424 5442 5460 5478 5496 5514 5532 5550 5568 5586 5604 5622 5640 5658 5676 5694 5712 5730 5748 5766 5784 5802 5820 5838 5856 5874 5892 5910 5928 5946 5964 5982 4000 3018 3036 3054 3072 3090 3108 3126 3144 3162 3180 3198 3216 3234 3252 3270 3288 3306 3324 3342 3360 3378 3396 3414 3432 3450 3468 3486 3504 3522 3540 3558 3576 3594 3612 3630 3648 3666 3684 3702 3720 3738 3756 3774 3792 3810 3828 3846 3864 3882 3900 3918 3936 3954 3972 3990 4008 4026 4044 4062
2067 3114 3132 3150 3168 3186 3204 3222 3240 3258 3276 3294 3312 3330 3348 3366 3384 3402 3420 3438 3456 3474 3492 3510 3528 3546 3564 3582 3600 3618 3636 3654 3672 3690 3708 3726 3744 3762 3780 3798 3816 3834 3852 3870 3888 3906 3924 3942 3960 3978 3996 4014 4032 4050 4068 4086 4104 4122 4140 4158 4176 4194 4212 4230 4248 4266 4284 4302 4320 4338 4356 4374 4392 4410 4428 4446 4464 4482 4500 4518 4536 4554 4572 4590 4608 4626 4644 4662 4680 4698 4716 4734 4752 4770 4788 4806 4824 4842 4860 4878 4896 4914 4932 4950 4968 4986 5004 5022 5040 5058 5076 5094
2755 4146 4164 4182 4200 4218 4236 4254 4272 4290 4308 4326 4344 4362 4380 4398 4416 4434 4452 4470 4488 4506 4524 4542 4560 4578 4596 4614 4632 4650 4668 4686 4704 4722 4740 4758 4776 4794 4812 4830 4848 4866 4884 4902 4920 4938 4956 4974 4992 5010 5028 5046 5064 5082 5100 5118 5136 5154 5172 5190 5208 5226 5244 5262 5280 5298 5316 5334 5352 5370 5388 5406 5424 5442 5460 5478 5496 5514 5532 5550 5568 5586 5604 5622 5640 5658 5676 5694 5712 5730 5748 5766 5784 5802 5820 5838 5856 5874 5892 5910 5928 5946 5964 5982 4000 3018 3036 3054 3072 3090 3108 3126
1443 2178 2196 2214 2232 2250 2268 2286 2304 2322 2340 2358 2376 2394 2412 2430 2448 2466 2484 2502 2520 2538 2556 2574 2592 2610 2628 2646 2664 2682 2700 2718 2736 2754 2772 2790 2808 2826 2844 2862 2880 2898 2916 2934 2952 2970 2988 3006 3024 3042 3060 3078 3096 3114 3132 3150 3168 3186 3204 3222 3240 3258 3276 3294 3312 3330 3348 3366 3384 3402 3420 3438 3456 3474 3492 3510 3528 3546 3564 3582 3600 3618 3636 3654 3672 3690 3708 3726 3744 3762 3780 3798 3816 3834 3852 3870 3888 3906 3924 3942 3960 3978 3996 4014 4032 4050 4068 4086 4104 4122 4140 4158
4131 6210 6228 6246 6264 6282 6300 6318 6336 6354 6372 6390 6408 6426 6444 6462 6480 6498 6516 6534 6552 6570 6588 6606 6624 6642 6660 6678 6696 6714 6732 6750 6768 6786 6804 6822 6840 6858 6876 6894 6912 6930 6948 6966 4984 4002 4020 4038 4056 4074 4092 4110 4128 4146 4164 4182 4200 4218 4236 4254 4272 4290 4308 4326 4344 4362 4380 4398 4416 4434 4452 4470 4488 4506 4524 4542 4560 4578 4596 4614 4632 4650 4668 4686 4704 4722 4740 4758 4776 4794 4812 4830 4848 4866 4884 4902 4920 4938 4956 4974 4992 5010 5028 5046 5064 5082 5100 5118 5136 5154 5172 5190
2819 4242 4260 4278 4296 4314 4332 4350 4368 4386 4404 4422 4440 4458 4476 4494 4512 4530 4548 4566 4584 4602 4620 4638 4656 4674 4692 4710 4728 4746 4764 4782 4800 4818 4836 4854 4872 4890 4908 4926 4944 4962 4980 4998 3016 2034 2052 2070 2088 2106 2124 2142 2160 2178 2196 2214 2232 2250 2268 2286 2304 2322 2340 2358 2376 2394 2412 2430 2448 2466 2484 2502 2520 2538 2556 2574 2592 2610 2628 2646 2664 2682 2700 2718 2736 2754 2772 2790 2808 2826 2844 2862 2880 2898 2916 2934 2952 2970 2988 3006 3024 3042 3060 3078 3096 3114 3132 3150 3168 3186 3204 3222
3507 5274 5292 5310 5328 5346 5364 5382 5400 5418 5436 5454 5472 5490 5508 5526 5544 5562 5580 5598 5616 5634 5652 5670 5688 5706 5724 5742 5760 5778 5796 5814 5832 5850 5868 5886 5904 5922 5940 5958 5976 5994 6012 6030 6048 6066 6084 6102 6120 6138 6156 6174 6192 6210 6228 6246 6264 6282 6300 6318 6336 6354 6372 6390 6408 6426 6444 6462 6480 6498 6516 6534 6552 6570 6588 6606 6624 6642 6660 6678 6696 6714 6732 6750 6768 6786 6804 6822 6840 6858 6876 6894 6912 6930 6948 6966 4984 4002 4020 4038 4056 4074 4092 4110 4128 4146 4164 4182 4200 4218 4236 4254
2195 3306 3324 3342 3360 3378 3396 3414 3432 3450 3468 3486 3504 3522 3540 3558 3576 3594 3612 3630 3648 3666 3684 3702 3720 3738 3756 3774 3792 3810 3828 3846 3864 3882 3900 3918 3936 3954 3972 3990 4008 4026 4044 4062 4080 4098 4116 4134 4152 4170 4188 4206 4224 4242 4260 4278 4296 4314 4332 4350 4368 4386 4404 4422 4440 4458 4476 4494 4512 4530 4548 4566 4584 4602 4620 4638 4656 4674 4692 4710 4728 4746 4764 4782 4800 4818 4836 4854 4872 4890 4908 4926 4944 4962 4980 4998 3016 2034 2052 2070 2088 2106 2124 2142 2160 2178 2196 2214 2232 2250 2268 2286
2883 4338 4356 4374 4392 4410 4428 4446 4464 4482 4500 4518 4536 4554 4572 4590 4608 4626 4644 4662 4680 4698 4716 4734 4752 4770 4788 4806 4824 4842 4860 4878 4896 4914 4932 4950 4968 4986 5004 5022 5040 5058 5076 5094 5112 5130 5148 5166 5184 5202 5220 5238 5256 5274 5292 5310 5328 5346 5364 5382 5400 5418 5436 5454 5472 5490 5508 5526 5544 5562 5580 5598 5616 5634 5652 5670 5688 5706 5724 5742 5760 5778 5796 5814 5832 5850 5868 5886 5904 5922 5940 5958 5976 5994 6012 6030 6048 6066 6084 6102 6120 6138 6156 6174 6192 6210 6228 6246 6264 6282 6300 6318
3571 5370 5388 5406 5424 5442 5460 5478 5496 5514 5532 5550 5568 5586 5604 5622 5640 5658 5676 5694 5712 5730 5748 5766 5784 5802 5820 5838 5856 5874 5892 5910 5928 5946 5964 5982 4000 3018 3036 3054 3072 3090 3108 3126 3144 3162 3180 3198 3216 3234 3252 3270 3288 3306 3324 3342 3360 3378 3396 3414 3432 3450 3468 3486 3504 3522 3540 3558 3576 3594 3612 3630 3648 3666 3684 3702 3720 3738 3756 3774 3792 3810 3828 3846 3864 3882 3900 3918 3936 3954 3972 3990 4008 4026 4044 4062 4080 4098 4116 4134 4152 4170 4188 4206 4224 4242 4260 4278 4296 4314 4332 4350
2259 3402 3420 3438 3456 3474 3492 3510 3528 3546 3564 3582 3600 3618 3636 3654 3672 3690 3708 3726 3744 3762 3780 3798 3816 3834 3852 3870 3888 3906 3924 3942 3960 3978 3996 4014 4032 4050 4068 4086 4104 4122 4140 4158 4176 4194 4212 4230 4248 4266 4284 4302 4320 4338 4356 4374 4392 4410 4428 4446 4464 4482 4500 4518 4536 4554 4572 4590 4608 4626 4644 4662 4680 4698 4716 4734 4752 4770 4788 4806 4824 4842 4860 4878 4896 4914 4932 4950 4968 4986 5004 5022 5040 5058 5076 5094 5112 5130 5148 5166 5184 5202 5220 5238 5256 5274 5292 5310 5328 5346 5364 5382
2947 4434 4452 4470 4488 4506 4524 4542 4560 4578 4596 4614 4632 4650 4668 4686 4704 4722 4740 4758 4776 4794 4812 4830 4848 4866 4884 4902 4920 4938 4956 4974 4992 5010 5028 5046 5064 5082 5100 5118 5136 5154 5172 5190 5208 5226 5244 5262 5280 5298 5316 5334 5352 5370 5388 5406 5424 5442 5460 5478 5496 5514 5532 5550 5568 5586 5604 5622 5640 5658 5676 5694 5712 5730 5748 5766 5784 5802 5820 5838 5856 5874 5892 5910 5928 5946 5964 5982 4000 3018 3036 3054 3072 3090 3108 3126 3144 3162 3180 3198 3216 3234 3252 3270 3288 3306 3324 3342 3360 3378 3396 3414
1635 2466 2484 2502 2520 2538 2556 2574 2592 2610 2628 2646 2664 2682 2700 2718 2736 2754 2772 2790 2808 2826 2844 2862 2880 2898 2916 2934 2952 2970 2988 3006 3024 3042 3060 3078 3096 3114 3132 3150 3168 3186 3204 3222 3240 3258 3276 3294 3312 3330 3348 3366 3384 3402 3420 3438 3456 3474 3492 3510 3528 3546 3564 3582 3600 3618 3636 3654 3672 3690 3708 3726 3744 3762 3780 3798 3816 3834 3852 3870 3888 3906 3924 3942 3960 3978 3996 4014 4032 4050 4068 4086 4104 4122 4140 4158 4176 4194 4212 4230 4248 4266 4284 4302 4320 4338 4356 4374 4392 4410 4428 4446
4323 6498 6516 6534 6552 6570 6588 6606 6624 6642 6660 6678 6696 6714 6732 6750 6768 6786 6804 6822 6840 6858 6876 6894 6912 6930 6948 6966 4984 4002 4020 4038 4056 4074 4092 4110 4128 4146 4164 4182 4200 4218 4236 4254 4272 4290 4308 4326 4344 4362 4380 4398 4416 4434 4452 4470 4488 4506 4524 4542 4560 4578 4596 4614 4632 4650 4668 4686 4704 4722 4740 4758 4776 4794 4812 4830 4848 4866 4884 4902 4920 4938 4956 4974 4992 5010 5028 5046 5064 5082 5100 5118 5136 5154 5172 5190 5208 5226 5244 5262 5280 5298 5316 5334 5352 5370 5388 5406 5424 5442 5460 5478
3011 4530 4548 4566 4584 4602 4620 4638 4656 4674 4692 4710 4728 4746 4764 4782 4800 4818 4836 4854 4872 4890 4908 4926 4944 4962 4980 4998 3016 2034 2052 2070 2088 2106 2124 2142 2160 2178 2196 2214 2232 2250 2268 2286 2304 2322 2340 2358 2376 2394 2412 2430 2448 2466 2484 2502 2520 2538 2556 2574 2592 2610 2628 2646 2664 2682 2700 2718 2736 2754 2772 2790 2808 2826 2844 2862 2880 2898 2916 2934 2952 2970 2988 3006 3024 3042 3060 3078 3096 3114 3132 3150 3168 3186 3204 3222 3240 3258 3276 3294 3312 3330 3348 3366 3384 3402 3420 3438 3456 3474 3492 3510
3699 5562 5580 5598 5616 5634 5652 5670 5688 5706 5724 5742 5760 5778 5796 5814 5832 5850 5868 5886 5904 5922 5940 5958 5976 5994 6012 6030 6048 6066 6084 6102 6120 6138 6156 6174 6192 6210 6228 6246 6264 6282 6300 6318 6336 6354 6372 6390 6408 6426 6444 6462 6480 6498 6516 6534 6552 6570 6588 6606 6624 6642 6660 6678 6696 6714 6732 6750 6768 6786 6804 6822 6840 6858 6876 6894 6912 6930 6948 6966 4984 4002 4020 4038 4056 4074 4092 4110 4128 4146 4164 4182 4200 4218 4236 4254 4272 4290 4308 4326 4344 4362 4380 4398 4416 4434 4452 4470 4488 4506 4524 4542
2387 3594 3612 3630 3648 3666 3684 3702 3720 3738 3756 3774 3792 3810 3828 3846 3864 3882 3900 3918 3936 3954 3972 3990 4008 4026 4044 4062 4080 4098 4116 4134 4152 4170 4188 4206 4224 4242 4260 4278 4296 4314 4332 4350 4368 4386 4404 4422 4440 4458 4476 4494 4512 4530 4548 4566 4584 4602 4620 4638 4656 4674 4692 4710 4728 4746 4764 4782 4800 4818 4836 4854 4872 4890 4908 4926 4944 4962 4980 4998 3016 2034 2052 2070 2088 2106 2124 2142 2160 2178 2196 2214 2232 2250 2268 2286 2304 2322 2340 2358 2376 2394 2412 2430 2448 2466 2484 2502 2520 2538 2556 2574
3075 4626 4644 4662 4680 4698 4716 4734 4752 4770 4788 4806 4824 4842 4860 4878 4896 4914 4932 4950 4968 4986 5004 5022 5040 5058 5076 5094 5112 5130 5148 5166 5184 5202 5220 5238 5256 5274 5292 5310 5328 5346 5364 5382 5400 5418 5436 5454 5472 5490 5508 5526 5544 5562 5580 5598 5616 5634 5652 5670 5688 5706 5724 5742 5760 5778 5796 5814 5832 5850 5868 5886 5904 5922 5940 5958 5976 5994 6012 6030 6048 6066 6084 6102 6120 6138 6156 6174 6192 6210 6228 6246 6264 6282 6300 6318 6336 6354 6372 6390 6408 6426 6444 6462 6480 6498 6516 6534 6552 6570 6588 6606
3763 5658 5676 5694 5712 5730 5748 5766 5784 5802 5820 5838 5856 5874 5892 5910 5928 5946 5964 5982 4000 3018 3036 3054 3072 3090 3108 3126 3144 3162 3180 3198 3216 3234 3252 3270 3288 3306 3324 3342 3360 3378 3396 3414 3432 3450 3468 3486 3504 3522 3540 3558 3576 3594 3612 3630 3648 3666 3684 3702 3720 3738 3756 3774 3792 3810 3828 3846 3864 3882 3900 3918 3936 3954 3972 3990 4008 4026 4044 4062 4080 4098 4116 4134 4152 4170 4188 4206 4224 4242 4260 4278 4296 4314 4332 4350 4368 4386 4404 4422 4440 4458 4476 4494 4512 4530 4548 4566 4584 4602 4620 4638
2451 3690 3708 3726 3744 3762 3780 3798 3816 3834 3852 3870 3888 3906 3924 3942 3960 3978 3996 4014 4032 4050 4068 4086 4104 4122 4140 4158 4176 4194 4212 4230 4248 4266 4284 4302 4320 4338 4356 4374 4392 4410 4428 4446 4464 4482 4500 4518 4536 4554 4572 4590 4608 4626 4644 4662 4680 4698 4716 4734 4752 4770 4788 4806 4824 4842 4860 4878 4896 4914 4932 4950 4968 4986 5004 5022 5040 5058 5076 5094 5112 5130 5148 5166 5184 5202 5220 5238 5256 5274 5292 5310 5328 5346 5364 5382 5400 5418 5436 5454 5472 5490 5508 5526 5544 5562 5580 5598 5616 5634 5652 5670
3139 4722 4740 4758 4776 4794 4812 4830 4848 4866 4884 4902 4920 4938 4956 4974 4992 5010 5028 5046 5064 5082 5100 5118 5136 5154 5172 5190 5208 5226 5244 5262 5280 5298 5316 5334 5352 5370 5388 5406 5424 5442 5460 5478 5496 5514 5532 5550 5568 5586 5604 5622 5640 5658 5676 5694 5712 5730 5748 5766 5784 5802 5820 5838 5856 5874 5892 5910 5928 5946 5964 5982 4000 3018 3036 3054 3072 3090 3108 3126 3144 3162 3180 3198 3216 3234 3252 3270 3288 3306 3324 3342 3360 3378 3396 3414 3432 3450 3468 3486 3504 3522 3540 3558 3576 3594 3612 3630 3648 3666 3684 3702
1827 2754 2772 2790 2808 2826 2844 2862 2880 2898 2916 2934 2952 2970 2988 3006 3024 3042 3060 3078 3096 3114 3132 3150 3168 3186 3204 3222 3240 3258 3276 3294 3312 3330 3348 3366 3384 3402 3420 3438 3456 3474 3492 3510 3528 3546 3564 3582 3600 3618 3636 3654 3672 3690 3708 3726 3744 3762 3780 3798 3816 3834 3852 3870 3888 3906 3924 3942 3960 3978 3996 4014 4032 4050 4068 4086 4104 4122 4140 4158 4176 4194 4212 4230 4248 4266 4284 4302 4320 4338 4356 4374 4392 4410 4428 4446 4464 4482 4500 4518 4536 4554 4572 4590 4608 4626 4644 4662 4680 4698 4716 4734
4515 6786 6804 6822 6840 6858 6876 6894 6912 6930 6948 6966 4984 4002 4020 4038 4056 4074 4092 4110 4128 4146 4164 4182 4200 4218 4236 4254 4272 4290 4308 4326 4344 4362 4380 4398 4416 4434 4452 4470 4488 4506 4524 4542 4560 4578 4596 4614 4632 4650 4668 4686 4704 4722 4740 4758 4776 4794 4812 4830 4848 4866 4884 4902 4920 4938 4956 4974 4992 5010 5028 5046 5064 5082 5100 5118 5136 5154 5172 5190 5208 5226 5244 5262 5280 5298 5316 5334 5352 5370 5388 5406 5424 5442 5460 5478 5496 5514 5532 5550 5568 5586 5604 5622 5640 5658 5676 5694 5712 5730 5748 5766
3203 4818 4836 4854 4872 4890 4908 4926 4944 4962 4980 4998 3016 2034 2052 2070 2088 2106 2124 2142 2160 2178 2196 2214 2232 2250 2268 2286 2304 2322 2340 2358 2376 2394 2412 2430 2448 2466 2484 2502 2520 2538 2556 2574 2592 2610 2628 2646 2664 2682 2700 2718 2736 2754 2772 2790 2808 2826 2844 2862 2880 2898 2916 2934 2952 2970 2988 3006 3024 3042 3060 3078 3096 3114 3132 3150 3168 3186 3204 3222 3240 3258 3276 3294 3312 3330 3348 3366 3384 3402 3420 3438 3456 3474 3492 3510 3528 3546 3564 3582 3600 3618 3636 3654 3672 3690 3708 3726 3744 3762 3780 3798
3891 5850 5868 5886 5904 5922 5940 5958 5976 5994 6012 6030 6048 6066 6084 6102 6120 6138 6156 6174 6192 6210 6228 6246 6264 6282 6300 6318 6336 6354 6372 6390 6408 6426 6444 6462 6480 6498 6516 6534 6552 6570 6588 6606 6624 6642 6660 6678 6696 6714 6732 6750 6768 6786 6804 6822 6840 6858 6876 6894 6912 6930 6948 6966 4984 4002 4020 4038 4056 4074 4092 4110 4128 4146 4164 4182 4200 4218 4236 4254 4272 4290 4308 4326 4344 4362 4380 4398 4416 4434 4452 4470 4488 4506 4524 4542 4560 4578 4596 4614 4632 4650 4668 4686 4704 4722 4740 4758 4776 4794 4812 4830
2579 3882 3900 3918 3936 3954 3972 3990 4008 4026 4044 4062 4080 4098 4116 4134 4152 4170 4188 4206 4224 4242 4260 4278 4296 4314 4332 4350 4368 4386 4404 4422 4440 4458 4476 4494 4512 4530 4548 4566 4584 4602 4620 4638 4656 4674 4692 4710 4728 4746 4764 4782 4800 4818 4836 4854 4872 4890 4908 4926 4944 4962 4980 4998 3016 2034 2052 2070 2088 2106 2124 2142 2160 2178 2196 2214 2232 2250 2268 2286 2304 2322 2340 2358 2376 2394 2412 2430 2448 2466 2484 2502 2520 2538 2556 2574 2592 2610 2628 2646 2664 2682 2700 2718 2736 2754 2772 2790 2808 2826 2844 2862
3267 4914 4932 4950 4968 4986 5004 5022 5040 5058 5076 5094 5112 5130 5148 5166 5184 5202 5220 5238 5256 5274 5292 5310 5328 5346 5364 5382 5400 5418 5436 5454 5472 5490 5508 5526 5544 5562 5580 5598 5616 5634 5652 5670 5688 5706 5724 5742 5760 5778 5796 5814 5832 5850 5868 5886 5904 5922 5940 5958 5976 5994 6012 6030 6048 6066 6084 6102 6120 6138 6156 6174 6192 6210 6228 6246 6264 6282 6300 6318 6336 6354 6372 6390 6408 6426 6444 6462 6480 6498 6516 6534 6552 6570 6588 6606 6624 6642 6660 6678 6696 6714 6732 6750 6768 6786 6804 6822 6840 6858 6876 6894
3955 5946 5964 5982 4000 3018 3036 3054 3072 3090 3108 3126 3144 3162 3180 3198 3216 3234 3252 3270 3288 3306 3324 3342 3360 3378 3396 3414 3432 3450 3468 3486 3504 3522 3540 3558 3576 3594 3612 3630 3648 3666 3684 3702 3720 3738 3756 3774 3792 3810 3828 3846 3864 3882 3900 3918 3936 3954 3972 3990 4008 4026 4044 4062 4080 4098 4116 4134 4152 4170 4188 4206 4224 4242 4260 4278 4296 4314 4332 4350 4368 4386 4404 4422 4440 4458 4476 4494 4512 4530 4548 4566 4584 4602 4620 4638 4656 4674 4692 4710 4728 4746 4764 4782 4800 4818 4836 4854 4872 4890 4908 4926
2643 3978 3996 4014 4032 4050 4068 4086 4104 4122 4140 4158 4176 4194 4212 4230 4248 4266 4284 4302 4320 4338 4356 4374 4392 4410 4428 4446 4464 4482 4500 4518 4536 4554 4572 4590 4608 4626 4644 4662 4680 4698 4716 4734 4752 4770 4788 4806 4824 4842 4860 4878 4896 4914 4932 4950 4968 4986 5004 5022 5040 5058 5076 5094 5112 5130 5148 5166 5184 5202 5220 5238 5256 5274 5292 5310 5328 5346 5364 5382 5400 5418 5436 5454 5472 5490 5508 5526 5544 5562 5580 5598 5616 5634 5652 5670 5688 5706 5724 5742 5760 5778 5796 5814 5832 5850 5868 5886 5904 5922 5940 5958
3331 5010 5028 5046 5064 5082 5100 5118 5136 5154 5172 5190 5208 5226 5244 5262 5280 5298 5316 5334 5352 5370 5388 5406 5424 5442 5460 5478 5496 5514 5532 5550 5568 5586 5604 5622 5640 5658 5676 5694 5712 5730 5748 5766 5784 5802 5820 5838 5856 5874 5892 5910 5928 5946 5964 5982 4000 3018 3036 3054 3072 3090 3108 3126 3144 3162 3180 3198 3216 3234 3252 3270 3288 3306 3324 3342 3360 3378 3396 3414 3432 3450 3468 3486 3504 3522 3540 3558 3576 3594 3612 3630 3648 3666 3684 3702 3720 3738 3756 3774 3792 3810 3828 3846 3864 3882 3900 3918 3936 3954 3972 3990
2019 3042 3060 3078 3096 3114 3132 3150 3168 3186 3204 3222 3240 3258 3276 3294 3312 3330 3348 3366 3384 3402 3420 3438 3456 3474 3492 3510 3528 3546 3564 3582 3600 3618 3636 3654 3672 3690 3708 3726 3744 3762 3780 3798 3816 3834 3852 3870 3888 3906 3924 3942 3960 3978 3996 4014 4032 4050 4068 4086 4104 4122 4140 4158 4176 4194 4212 4230 4248 4266 4284 4302 4320 4338 4356 4374 4392 4410 4428 4446 4464 4482 4500 4518 4536 4554 4572 4590 4608 4626 4644 4662 4680 4698 4716 4734 4752 4770 4788 4806 4824 4842 4860 4878 4896 4914 4932 4950 4968 4986 5004 5022
2707 4074 4092 4110 4128 4146 4164 4182 4200 4218 4236 4254 4272 4290 4308 4326 4344 4362 4380 4398 4416 4434 4452 4470 4488 4506 4524 4542 4560 4578 4596 4614 4632 4650 4668 4686 4704 4722 4740 4758 4776 4794 4812 4830 4848 4866 4884 4902 4920 4938 4956 4974 4992 5010 5028 5046 5064 5082 5100 5118 5136 5154 5172 5190 5208 5226 5244 5262 5280 5298 5316 5334 5352 5370 5388 5406 5424 5442 5460 5478 5496 5514 5532 5550 5568 5586 5604 5622 5640 5658 5676 5694 5712 5730 5748 5766 5784 5802 5820 5838 5856 5874 5892 5910 5928 5946 5964 5982 4000 3018 3036 3054
1395 2106 2124 2142 2160 2178 2196 2214 2232 2250 2268 2286 2304 2322 2340 2358 2376 2394 2412 2430 2448 2466 2484 2502 2520 2538 2556 2574 2592 2610 2628 2646 2664 2682 2700 2718 2736 2754 2772 2790 2808 2826 2844 2862 2880 2898 2916 2934 2952 2970 2988 3006 3024 3042 3060 3078 3096 3114 3132 3150 3168 3186 3204 3222 3240 3258 3276 3294 3312 3330 3348 3366 3384 3402 3420 3438 3456 3474 3492 3510 3528 3546 3564 3582 3600 3618 3636 3654 3672 3690 3708 3726 3744 3762 3780 3798 3816 3834 3852 3870 3888 3906 3924 3942 3960 3978 3996 4014 4032 4050 4068 4086
4083 6138 6156 6174 6192 6210 6228 6246 6264 6282 6300 6318 6336 6354 6372 6390 6408 6426 6444 6462 6480 6498 6516 6534 6552 6570 6588 6606 6624 6642 6660 6678 6696 6714 6732 6750 6768 6786 6804 6822 6840 6858 6876 6894 6912 6930 6948 6966 4984 4002 4020 4038 4056 4074 4092 4110 4128 4146 4164 4182 4200 4218 4236 4254 4272 4290 4308 4326 4344 4362 4380 4398 4416 4434 4452 4470 4488 4506 4524 4542 4560 4578 4596 4614 4632 4650 4668 4686 4704 4722 4740 4758 4776 4794 4812 4830 4848 4866 4884 4902 4920 4938 4956 4974 4992 5010 5028 5046 5064 5082 5100 5118
2771 4170 4188 4206 4224 4242 4260 4278 4296 4314 4332 4350 4368 4386 4404 4422 4440 4458 4476 4494 4512 4530 4548 4566 4584 4602 4620 4638 4656 4674 4692 4710 4728 4746 4764 4782 4800 4818 4836 4854 4872 4890 4908 4926 4944 4962 4980 4998 3016 2034 2052 2070 2088 2106 2124 2142 2160 2178 2196 2214 2232 2250 2268 2286 2304 2322 2340 2358 2376 2394 2412 2430 2448 2466 2484 2502 2520 2538 2556 2574 2592 2610 2628 2646 2664 2682 2700 2718 2736 2754 2772 2790 2808 2826 2844 2862 2880 2898 2916 2934 2952 2970 2988 3006 3024 3042 3060 3078 3096 3114 3132 3150
3459 5202 5220 5238 5256 5274 5292 5310 5328 5346 5364 5382 5400 5418 5436 5454 5472 5490 5508 5526 5544 5562 5580 5598 5616 5634 5652 5670 5688 5706 5724 5742 5760 5778 5796 5814 5832 5850 5868 5886 5904 5922 5940 5958 5976 5994 6012 6030 6048 6066 6084 6102 6120 6138 6156 6174 6192 6210 6228 6246 6264 6282 6300 6318 6336 6354 6372 6390 6408 6426 6444 6462 6480 6498 6516 6534 6552 6570 6588 6606 6624 6642 6660 6678 6696 6714 6732 6750 6768 6786 6804 6822 6840 6858 6876 6894 6912 6930 6948 6966 4984 4002 4020 4038 4056 4074 4092 4110 4128 4146 4164 4182
2147 3234 3252 3270 3288 3306 3324 3342 3360 3378 3396 3414 3432 3450 3468 3486 3504 3522 3540 3558 3576 3594 3612 3630 3648 3666 3684 3702 3720 3738 3756 3774 3792 3810 3828 3846 3864 3882 3900 3918 3936 3954 3972 3990 4008 4026 4044 4062 4080 4098 4116 4134 4152 4170 4188 4206 4224 4242 4260 4278 4296 4314 4332 4350 4368 4386 4404 4422 4440 4458 4476 4494 4512 4530 4548 4566 4584 4602 4620 4638 4656 4674 4692 4710 4728 4746 4764 4782 4800 4818 4836 4854 4872 4890 4908 4926 4944 4962 4980 4998 3016 2034 2052 2070 2088 2106 2124 2142 2160 2178 2196 2214
2835 4266 4284 4302 4320 4338 4356 4374 4392 4410 4428 4446 4464 4482 4500 4518 4536 4554 4572 4590 4608 4626 4644 4662 4680 4698 4716 4734 4752 4770 4788 4806 4824 4842 4860 4878 4896 4914 4932 4950 4968 4986 5004 5022 5040 5058 5076 5094 5112 5130 5148 5166 5184 5202 5220 5238 5256 5274 5292 5310 5328 5346 5364 5382 5400 5418 5436 5454 5472 5490 5508 5526 5544 5562 5580 5598 5616 5634 5652 5670 5688 5706 5724 5742 5760 5778 5796 5814 5832 5850 5868 5886 5904 5922 5940 5958 5976 5994 6012 6030 6048 6066 6084 6102 6120 6138 6156 6174 6192 6210 6228 6246
3523 5298 5316 5334 5352 5370 5388 5406 5424 5442 5460 5478 5496 5514 5532 5550 5568 5586 5604 5622 5640 5658 5676 5694 5712 5730 5748 5766 5784 5802 5820 5838 5856 5874 5892 5910 5928 5946 5964 5982 4000 3018 3036 3054 3072 3090 3108 3126 3144 3162 3180 3198 3216 3234 3252 3270 3288 3306 3324 3342 3360 3378 3396 3414 3432 3450 3468 3486 3504 3522 3540 3558 3576 3594 3612 3630 3648 3666 3684 3702 3720 3738 3756 3774 3792 3810 3828 3846 3864 3882 3900 3918 3936 3954 3972 3990 4008 4026 4044 4062 4080 4098 4116 4134 4152 4170 4188 4206 4224 4242 4260 4278
2211 3330 3348 3366 3384 3402 3420 3438 3456 3474 3492 3510 3528 3546 3564 3582 3600 3618 3636 3654 3672 3690 3708 3726 3744 3762 3780 3798 3816 3834 3852 3870 3888 3906 3924 3942 3960 3978 3996 4014 4032 4050 4068 4086 4104 4122 4140 4158 4176 4194 4212 4230 4248 4266 4284 4302 4320 4338 4356 4374 4392 4410 4428 4446 4464 4482 4500 4518 4536 4554 4572 4590 4608 4626 4644 4662 4680 4698 4716 4734 4752 4770 4788 4806 4824 4842 4860 4878 4896 4914 4932 4950 4968 4986 5004 5022 5040 5058 5076 5094 5112 5130 5148 5166 5184 5202 5220 5238 5256 5274 5292 5310
2899 4362 4380 4398 4416 4434 4452 4470 4488 4506 4524 4542 4560 4578 4596 4614 4632 4650 4668 4686 4704 4722 4740 4758 4776 4794 4812 4830 4848 4866 4884 4902 4920 4938 4956 4974 4992 5010 5028 5046 5064 5082 5100 5118 5136 5154 5172 5190 5208 5226 5244 5262 5280 5298 5316 5334 5352 5370 5388 5406 5424 5442 5460 5478 5496 5514 5532 5550 5568 5586 5604 5622 5640 5658 5676 5694 5712 5730 5748 5766 5784 5802 5820 5838 5856 5874 5892 5910 5928 5946 5964 5982 4000 3018 3036 3054 3072 3090 3108 3126 3144 3162 3180 3198 3216 3234 3252 3270 3288 3306 3324 3342
1587 2394 2412 2430 2448 2466 2484 2502 2520 2538 2556 2574 2592 2610 2628 2646 2664 2682 2700 2718 2736 2754 2772 2790 2808 2826 2844 2862 2880 2898 2916 2934 2952 2970 2988 3006 3024 3042 3060 3078 3096 3114 3132 3150 3168 3186 3204 3222 3240 3258 3276 3294 3312 3330 3348 3366 3384 3402 3420 3438 3456 3474 3492 3510 3528 3546 3564 3582 3600 3618 3636 3654 3672 3690 3708 3726 3744 3762 3780 3798 3816 3834 3852 3870 3888 3906 3924 3942 3960 3978 3996 4014 4032 4050 4068 4086 4104 4122 4140 4158 4176 4194 4212 4230 4248 4266 4284 4302 4320 4338 4356 4374
4275 6426 6444 6462 6480 6498 6516 6534 6552 6570 6588 6606 6624 6642 6660 6678 6696 6714 6732 6750 6768 6786 6804 6822 6840 6858 6876 6894 6912 6930 6948 6966 4984 4002 4020 4038 4056 4074 4092 4110 4128 4146 4164 4182 4200 4218 4236 4254 4272 4290 4308 4326 4344 4362 4380 4398 4416 4434 4452 4470 4488 4506 4524 4542 4560 4578 4596 4614 4632 4650 4668 4686 4704 4722 4740 4758 4776 4794 4812 4830 4848 4866 4884 4902 4920 4938 4956 4974 4992 5010 5028 5046 5064 5082 5100 5118 5136 5154 5172 5190 5208 5226 5244 5262 5280 5298 5316 5334 5352 5370 5388 5406
2963 4458 4476 4494 4512 4530 4548 4566 4584 4602 4620 4638 4656 4674 4692 4710 4728 4746 4764 4782 4800 4818 4836 4854 4872 4890 4908 4926 4944 4962 4980 4998 3016 2034 2052 2070 2088 2106 2124 2142 2160 2178 2196 2214 2232 2250 2268 2286 2304 2322 2340 2358 2376 2394 2412 2430 2448 2466 2484 2502 2520 2538 2556 2574 2592 2610 2628 2646 2664 2682 2700 2718 2736 2754 2772 2790 2808 2826 2844 2862 2880 2898 2916 2934 2952 2970 2988 3006 3024 3042 3060 3078 3096 3114 3132 3150 3168 3186 3204 3222 3240 3258 3276 3294 3312 3330 3348 3366 3384 3402 3420 3438
3651 5490 5508 5526 5544 5562 5580 5598 5616 5634 5652 5670 5688 5706 5724 5742 5760 5778 5796 5814 5832 5850 5868 5886 5904 5922 5940 5958 5976 5994 6012 6030 6048 6066 6084 6102 6120 6138 6156 6174 6192 6210 6228 6246 6264 6282 6300 6318 6336 6354 6372 6390 6408 6426 6444 6462 6480 6498 6516 6534 6552 6570 6588 6606 6624 6642 6660 6678 6696 6714 6732 6750 6768 6786 6804 6822 6840 6858 6876 6894 6912 6930 6948 6966 4984 4002 4020 4038 4056 4074 4092 4110 4128 4146 4164 4182 4200 4218 4236 4254 4272 4290 4308 4326 4344 4362 4380 4398 4416 4434 4452 4470
2339 3522 3540 3558 3576 3594 3612 3630 3648 3666 3684 3702 3720 3738 3756 3774 3792 3810 3828 3846 3864 3882 3900 3918 3936 3954 3972 3990 4008 4026 4044 4062 4080 4098 4116 4134 4152 4170 4188 4206 4224 4242 4260 4278 4296 4314 4332 4350 4368 4386 4404 4422 4440 4458 4476 4494 4512 4530 4548 4566 4584 4602 4620 4638 4656 4674 4692 4710 4728 4746 4764 4782 4800 4818 4836 4854 4872 4890 4908 4926 4944 4962 4980 4998 3016 2034 2052 2070 2088 2106 2124 2142 2160 2178 2196 2214 2232 2250 2268 2286 2304 2322 2340 2358 2376 2394 2412 2430 2448 2466 2484 2502
3027 4554 4572 4590 4608 4626 4644 4662 4680 4698 4716 4734 4752 4770 4788 4806 4824 4842 4860 4878 4896 4914 4932 4950 4968 4986 5004 5022 5040 5058 5076 5094 5112 5130 5148 5166 5184 5202 5220 5238 5256 5274 5292 5310 5328 5346 5364 5382 5400 5418 5436 5454 5472 5490 5508 5526 5544 5562 5580 5598 5616 5634 5652 5670 5688 5706 5724 5742 5760 5778 5796 5814 5832 5850 5868 5886 5904 5922 5940 5958 5976 5994 6012 6030 6048 6066 6084 6102 6120 6138 6156 6174 6192 6210 6228 6246 6264 6282 6300 6318 6336 6354 6372 6390 6408 6426 6444 6462 6480 6498 6516 6534
3715 5586 5604 5622 5640 5658 5676 5694 5712 5730 5748 5766 5784 5802 5820 5838 5856 5874 5892 5910 5928 5946 5964 5982 4000 3018 3036 3054 3072 3090 3108 3126 3144 3162 3180 3198 3216 3234 3252 3270 3288 3306 3324 3342 3360 3378 3396 3414 3432 3450 3468 3486 3504 3522 3540 3558 3576 3594 3612 3630 3648 3666 3684 3702 3720 3738 3756 3774 3792 3810 3828 3846 3864 3882 3900 3918 3936 3954 3972 3990 4008 4026 4044 4062 4080 4098 4116 4134 4152 4170 4188 4206 4224 4242 4260 4278 4296 4314 4332 4350 4368 4386 4404 4422 4440 4458 4476 4494 4512 4530 4548 4566
2403 3618 3636 3654 3672 3690 3708 3726 3744 3762 3780 3798 3816 3834 3852 3870 3888 3906 3924 3942 3960 3978 3996 4014 4032 4050 4068 4086 4104 4122 4140 4158 4176 4194 4212 4230 4248 4266 4284 4302 4320 4338 4356 4374 4392 4410 4428 4446 4464 4482 4500 4518 4536 4554 4572 4590 4608 4626 4644 4662 4680 4698 4716 4734 4752 4770 4788 4806 4824 4842 4860 4878 4896 4914 4932 4950 4968 4986 5004 5022 5040 5058 5076 5094 5112 5130 5148 5166 5184 5202 5220 5238 5256 5274 5292 5310 5328 5346 5364 5382 5400 5418 5436 5454 5472 5490 5508 5526 5544 5562 5580 5598
3091 4650 4668 4686 4704 4722 4740 4758 4776 4794 4812 4830 4848 4866 4884 4902 4920 4938 4956 4974 4992 5010 5028 5046 5064 5082 5100 5118 5136 5154 5172 5190 5208 5226 5244 5262 5280 5298 5316 5334 5352 5370 5388 5406 5424 5442 5460 5478 5496 5514 5532 5550 5568 5586 5604 5622 5640 5658 5676 5694 5712 5730 5748 5766 5784 5802 5820 5838 5856 5874 5892 5910 5928 5946 5964 5982 4000 3018 3036 3054 3072 3090 3108 3126 3144 3162 3180 3198 3216 3234 3252 3270 3288 3306 3324 3342 3360 3378 3396 3414 3432 3450 3468 3486 3504 3522 3540 3558 3576 3594 3612 3630
1779 2682 2700 2718 2736 2754 2772 2790 2808 2826 2844 2862 2880 2898 2916 2934 2952 2970 2988 3006 3024 3042 3060 3078 3096 3114 3132 3150 3168 3186 3204 3222 3240 3258 3276 3294 3312 3330 3348 3366 3384 3402 3420 3438 3456 3474 3492 3510 3528 3546 3564 3582 3600 3618 3636 3654 3672 3690 3708 3726 3744 3762 3780 3798 3816 3834 3852 3870 3888 3906 3924 3942 3960 3978 3996 4014 4032 4050 4068 4086 4104 4122 4140 4158 4176 4194 4212 4230 4248 4266 4284 4302 4320 4338 4356 4374 4392 4410 4428 4446 4464 4482 4500 4518 4536 4554 4572 4590 4608 4626 4644 4662
4467 6714 6732 6750 6768 6786 6804 6822 6840 6858 6876 6894 6912 6930 6948 6966 4984 4002 4020 4038 4056 4074 4092 4110 4128 4146 4164 4182 4200 4218 4236 4254 4272 4290 4308 4326 4344 4362 4380 4398 4416 4434 4452 4470 4488 4506 4524 4542 4560 4578 4596 4614 4632 4650 4668 4686 4704 4722 4740 4758 4776 4794 4812 4830 4848 4866 4884 4902 4920 4938 4956 4974 4992 5010 5028 5046 5064 5082 5100 5118 5136 5154 5172 5190 5208 5226 5244 5262 5280 5298 5316 5334 5352 5370 5388 5406 5424 5442 5460 5478 5496 5514 5532 5550 5568 5586 5604 5622 5640 5658 5676 5694
3155 4746 4764 4782 4800 4818 4836 4854 4872 4890 4908 4926 4944 4962 4980 4998 3016 2034 2052 2070 2088 2106 2124 2142 2160 2178 2196 2214 2232 2250 2268 2286 2304 2322 2340 2358 2376 2394 2412 2430 2448 2466 2484 2502 2520 2538 2556 2574 2592 2610 2628 2646 2664 2682 2700 2718 2736 2754 2772 2790 2808 2826 2844 2862 2880 2898 2916 2934 2952 2970 2988 3006 3024 3042 3060 3078 3096 3114 3132 3150 3168 3186 3204 3222 3240 3258 3276 3294 3312 3330 3348 3366 3384 3402 3420 3438 3456 3474 3492 3510 3528 3546 3564 3582 3600 3618 3636 3654 3672 3690 3708 3726
3843 5778 5796 5814 5832 5850 5868 5886 5904 5922 5940 5958 5976 5994 6012 6030 6048 6066 6084 6102 6120 6138 6156 6174 6192 6210 6228 6246 6264 6282 6300 6318 6336 6354 6372 6390 6408 6426 6444 6462 6480 6498 6516 6534 6552 6570 6588 6606 6624 6642 6660 6678 6696 6714 6732 6750 6768 6786 6804 6822 6840 6858 6876 6894 6912 6930 6948 6966 4984 4002 4020 4038 4056 4074 4092 4110 4128 4146 4164 4182 4200 4218 4236 4254 4272 4290 4308 4326 4344 4362 4380 4398 4416 4434 4452 4470 4488 4506 4524 4542 4560 4578 4596 4614 4632 4650 4668 4686 4704 4722 4740 4758
2531 3810 3828 3846 3864 3882 3900 3918 3936 3954 3972 3990 4008 4026 4044 4062 4080 4098 4116 4134 4152 4170 4188 4206 4224 4242 4260 4278 4296 4314 4332 4350 4368 4386 4404 4422 4440 4458 4476 4494 4512 4530 4548 4566 4584 4602 4620 4638 4656 4674 4692 4710 4728 4746 4764 4782 4800 4818 4836 4854 4872 4890 4908 4926 4944 4962 4980 4998 3016 2034 2052 2070 2088 2106 2124 2142 2160 2178 2196 2214 2232 2250 2268 2286 2304 2322 2340 2358 2376 2394 2412 2430 2448 2466 2484 2502 2520 2538 2556 2574 2592 2610 2628 2646 2664 2682 2700 2718 2736 2754 2772 2790
3219 4842 4860 4878 4896 4914 4932 4950 4968 4986 5004 5022 5040 5058 5076 5094 5112 5130 5148 5166 5184 5202 5220 5238 5256 5274 5292 5310 5328 5346 5364 5382 5400 5418 5436 5454 5472 5490 5508 5526 5544 5562 5580 5598 5616 5634 5652 5670 5688 5706 5724 5742 5760 5778 5796 5814 5832 5850 5868 5886 5904 5922 5940 5958 5976 5994 6012 6030 6048 6066 6084 6102 6120 6138 6156 6174 6192 6210 6228 6246 6264 6282 6300 6318 6336 6354 6372 6390 6408 6426 6444 6462 6480 6498 6516 6534 6552 6570 6588 6606 6624 6642 6660 6678 6696 6714 6732 6750 6768 6786 6804 6822
3907 5874 5892 5910 5928 5946 5964 5982 4000 3018 3036 3054 3072 3090 3108 3126 3144 3162 3180 3198 3216 3234 3252 3270 3288 3306 3324 3342 3360 3378 3396 3414 3432 3450 3468 3486 3504 3522 3540 3558 3576 3594 3612 3630 3648 3666 3684 3702 3720 3738 3756 3774 3792 3810 3828 3846 3864 3882 3900 3918 3936 3954 3972 3990 4008 4026 4044 4062 4080 4098 4116 4134 4152 4170 4188 4206 4224 4242 4260 4278 4296 4314 4332 4350 4368 4386 4404 4422 4440 4458 4476 4494 4512 4530 4548 4566 4584 4602 4620 4638 4656 4674 4692 4710 4728 4746 4764 4782 4800 4818 4836 4854
2595 3906 3924 3942 3960 3978 3996 4014 4032 4050 4068 4086 4104 4122 4140 4158 4176 4194 4212 4230 4248 4266 4284 4302 4320 4338 4356 4374 4392 4410 4428 4446 4464 4482 4500 4518 4536 4554 4572 4590 4608 4626 4644 4662 4680 4698 4716 4734 4752 4770 4788 4806 4824 4842 4860 4878 4896 4914 4932 4950 4968 4986 5004 5022 5040 5058 5076 5094 5112 5130 5148 5166 5184 5202 5220 5238 5256 5274 5292 5310 5328 5346 5364 5382 5400 5418 5436 5454 5472 5490 5508 5526 5544 5562 5580 5598 5616 5634 5652 5670 5688 5706 5724 5742 5760 5778 5796 5814 5832 5850 5868 5886
3283 4938 4956 4974 4992 5010 5028 5046 5064 5082 5100 5118 5136 5154 5172 5190 5208 5226 5244 5262 5280 5298 5316 5334 5352 5370 5388 5406 5424 5442 5460 5478 5496 5514 5532 5550 5568 5586 5604 5622 5640 5658 5676 5694 5712 5730 5748 5766 5784 5802 5820 5838 5856 5874 5892 5910 5928 5946 5964 5982 4000 3018 3036 3054 3072 3090 3108 3126 3144 3162 3180 3198 3216 3234 3252 3270 3288 3306 3324 3342 3360 3378 3396 3414 3432 3450 3468 3486 3504 3522 3540 3558 3576 3594 3612 3630 3648 3666 3684 3702 3720 3738 3756 3774 3792 3810 3828 3846 3864 3882 3900 3918
1971 2970 2988 3006 3024 3042 3060 3078 3096 3114 3132 3150 3168 3186 3204 3222 3240 3258 3276 3294 3312 3330 3348 3366 3384 3402 3420 3438 3456 3474 3492 3510 3528 3546 3564 3582 3600 3618 3636 3654 3672 3690 3708 3726 3744 3762 3780 3798 3816 3834 3852 3870 3888 3906 3924 3942 3960 3978 3996 4014 4032 4050 4068 4086 4104 4122 4140 4158 4176 4194 4212 4230 4248 4266 4284 4302 4320 4338 4356 4374 4392 4410 4428 4446 4464 4482 4500 4518 4536 4554 4572 4590 4608 4626 4644 4662 4680 4698 4716 4734 4752 4770 4788 4806 4824 4842 4860 4878 4896 4914 4932 4950
2659 4002 4020 4038 4056 4074 4092 4110 4128 4146 4164 4182 4200 4218 4236 4254 4272 4290 4308 4326 4344 4362 4380 4398 4416 4434 4452 4470 4488 4506 4524 4542 4560 4578 4596 4614 4632 4650 4668 4686 4704 4722 4740 4758 4776 4794 4812 4830 4848 4866 4884 4902 4920 4938 4956 4974 4992 5010 5028 5046 5064 5082 5100 5118 5136 5154 5172 5190 5208 5226 5244 5262 5280 5298 5316 5334 5352 5370 5388 5406 5424 5442 5460 5478 5496 5514 5532 5550 5568 5586 5604 5622 5640 5658 5676 5694 5712 5730 5748 5766 5784 5802 5820 5838 5856 5874 5892 5910 5928 5946 5964 5982
1347 2034 2052 2070 2088 2106 2124 2142 2160 2178 2196 2214 2232 2250 2268 2286 2304 2322 2340 2358 2376 2394 2412 2430 2448 2466 2484 2502 2520 2538 2556 2574 2592 2610 2628 2646 2664 2682 2700 2718 2736 2754 2772 2790 2808 2826 2844 2862 2880 2898 2916 2934 2952 2970 2988 3006 3024 3042 3060 3078 3096 3114 3132 3150 3168 3186 3204 3222 3240 3258 3276 3294 3312 3330 3348 3366 3384 3402 3420 3438 3456 3474 3492 3510 3528 3546 3564 3582 3600 3618 3636 3654 3672 3690 3708 3726 3744 3762 3780 3798 3816 3834 3852 3870 3888 3906 3924 3942 3960 3978 3996 4014
4035 6066 6084 6102 6120 6138 6156 6174 6192 6210 6228 6246 6264 6282 6300 6318 6336 6354 6372 6390 6408 6426 6444 6462 6480 6498 6516 6534 6552 6570 6588 6606 6624 6642 6660 6678 6696 6714 6732 6750 6768 6786 6804 6822 6840 6858 6876 6894 6912 6930 6948 6966 4984 4002 4020 4038 4056 4074 4092 4110 4128 4146 4164 4182 4200 4218 4236 4254 4272 4290 4308 4326 4344 4362 4380 4398 4416 4434 4452 4470 4488 4506 4524 4542 4560 4578 4596 4614 4632 4650 4668 4686 4704 4722 4740 4758 4776 4794 4812 4830 4848 4866 4884 4902 4920 4938 4956 4974 4992 5010 5028 5046
2723 4098 4116 4134 4152 4170 4188 4206 4224 4242 4260 4278 4296 4314 4332 4350 4368 4386 4404 4422 4440 4458 4476 4494 4512 4530 4548 4566 4584 4602 4620 4638 4656 4674 4692 4710 4728 4746 4764 4782 4800 4818 4836 4854 4872 4890 4908 4926 4944 4962 4980 4998 3016 2034 2052 2070 2088 2106 2124 2142 2160 2178 2196 2214 2232 2250 2268 2286 2304 2322 2340 2358 2376 2394 2412 2430 2448 2466 2484 2502 2520 2538 2556 2574 2592 2610 2628 2646 2664 2682 2700 2718 2736 2754 2772 2790 2808 2826 2844 2862 2880 2898 2916 2934 2952 2970 2988 3006 3024 3042 3060 3078
3411 5130 5148 5166 5184 5202 5220 5238 5256 5274 5292 5310 5328 5346 5364 5382 5400 5418 5436 5454 5472 5490 5508 5526 5544 5562 5580 5598 5616 5634 5652 5670 5688 5706 5724 5742 5760 5778 5796 5814 5832 5850 5868 5886 5904 5922 5940 5958 5976 5994 6012 6030 6048 6066 6084 6102 6120 6138 6156 6174 6192 6210 6228 6246 6264 6282 6300 6318 6336 6354 6372 6390 6408 6426 6444 6462 6480 6498 6516 6534 6552 6570 6588 6606 6624 6642 6660 6678 6696 6714 6732 6750 6768 6786 6804 6822 6840 6858 6876 6894 6912 6930 6948 6966 4984 4002 4020 4038 4056 4074 4092 4110
2099 3162 3180 3198 3216 3234 3252 3270 3288 3306 3324 3342 3360 3378 3396 3414 3432 3450 3468 3486 3504 3522 3540 3558 3576 3594 3612 3630 3648 3666 3684 3702 3720 3738 3756 3774 3792 3810 3828 3846 3864 3882 3900 3918 3936 3954 3972 3990 4008 4026 4044 4062 4080 4098 4116 4134 4152 4170 4188 4206 4224 4242 4260 4278 4296 4314 4332 4350 4368 4386 4404 4422 4440 4458 4476 4494 4512 4530 4548 4566 4584 4602 4620 4638 4656 4674 4692 4710 4728 4746 4764 4782 4800 4818 4836 4854 4872 4890 4908 4926 4944 4962 4980 4998 3016 2034 2052 2070 2088 2106 2124 2142
2787 4194 4212 4230 4248 4266 4284 4302 4320 4338 4356 4374 4392 4410 4428 4446 4464 4482 4500 4518 4536 4554 4572 4590 4608 4626 4644 4662 4680 4698 4716 4734 4752 4770 4788 4806 4824 4842 4860 4878 4896 4914 4932 4950 4968 4986 5004 5022 5040 5058 5076 5094 5112 5130 5148 5166 5184 5202 5220 5238 5256 5274 5292 5310 5328 5346 5364 5382 5400 5418 5436 5454 5472 5490 5508 5526 5544 5562 5580 5598 5616 5634 5652 5670 5688 5706 5724 5742 5760 5778 5796 5814 5832 5850 5868 5886 5904 5922 5940 5958 5976 5994 6012 6030 6048 6066 6084 6102 6120 6138 6156 6174
3475 5226 5244 5262 5280 5298 5316 5334 5352 5370 5388 5406 5424 5442 5460 5478 5496 5514 5532 5550 5568 5586 5604 5622 5640 5658 5676 5694 5712 5730 5748 5766 5784 5802 5820 5838 5856 5874 5892 5910 5928 5946 5964 5982 4000 3018 3036 3054 3072 3090 3108 3126 3144 3162 3180 3198 3216 3234 3252 3270 3288 3306 3324 3342 3360 3378 3396 3414 3432 3450 3468 3486 3504 3522 3540 3558 3576 3594 3612 3630 3648 3666 3684 3702 3720 3738 3756 3774 3792 3810 3828 3846 3864 3882 3900 3918 3936 3954 3972 3990 4008 4026 4044 4062 4080 4098 4116 4134 4152 4170 4188 4206
2163 3258 3276 3294 3312 3330 3348 3366 3384 3402 3420 3438 3456 3474 3492 3510 3528 3546 3564 3582 3600 3618 3636 3654 3672 3690 3708 3726 3744 3762 3780 3798 3816 3834 3852 3870 3888 3906 3924 3942 3960 3978 3996 4014 4032 4050 4068 4086 4104 4122 4140 4158 4176 4194 4212 4230 4248 4266 4284 4302 4320 4338 4356 4374 4392 4410 4428 4446 4464 4482 4500 4518 4536 4554 4572 4590 4608 4626 4644 4662 4680 4698 4716 4734 4752 4770 4788 4806 4824 4842 4860 4878 4896 4914 4932 4950 4968 4986 5004 5022 5040 5058 5076 5094 5112 5130 5148 5166 5184 5202 5220 5238
2851 4290 4308 4326 4344 4362 4380 4398 4416 4434 4452 4470 4488 4506 4524 4542 4560 4578 4596 4614 4632 4650 4668 4686 4704 4722 4740 4758 4776 4794 4812 4830 4848 4866 4884 4902 4920 4938 4956 4974 4992 5010 5028 5046 5064 5082 5100 5118 5136 5154 5172 5190 5208 5226 5244 5262 5280 5298 5316 5334 5352 5370 5388 5406 5424 5442 5460 5478 5496 5514 5532 5550 5568 5586 5604 5622 5640 5658 5676 5694 5712 5730 5748 5766 5784 5802 5820 5838 5856 5874 5892 5910 5928 5946 5964 5982 4000 3018 3036 3054 3072 3090 3108 3126 3144 3162 3180 3198 3216 3234 3252 3270
1539 2322 2340 2358 2376 2394 2412 2430 2448 2466 2484 2502 2520 2538 2556 2574 2592 2610 2628 2646 2664 2682 2700 2718 2736 2754 2772 2790 2808 2826 2844 2862 2880 2898 2916 2934 2952 2970 2988 3006 3024 3042 3060 3078 3096 3114 3132 3150 3168 3186 3204 3222 3240 3258 3276 3294 3312 3330 3348 3366 3384 3402 3420 3438 3456 3474 3492 3510 3528 3546 3564 3582 3600 3618 3636 3654 3672 3690 3708 3726 3744 3762 3780 3798 3816 3834 3852 3870 3888 3906 3924 3942 3960 3978 3996 4014 4032 4050 4068 4086 4104 4122 4140 4158 4176 4194 4212 4230 4248 4266 4284 4302
3155 4746 4764 4782 4800 4818 4836 4854 4872 4890 4908 4926 4944 4962 4980 4998 5016 5034 5052 5070 5088 5106 5124 5142 5160 5178 5196 5214 5232 5250 5268 5286 4232 3714 3732 3750 3768 3786 3804 3822 3840 3858 3876 3894 3912 3930 3948 3966 3984 4002 4020 4038 4056 4074 4092 4110 4128 4146 4164 4182 4200 4218 4236 4254 4272 4290 4308 4326 4344 4362 4380 4398 4416 4434 4452 4470 4488 4506 4524 4542 4560 4578 4596 4614 4632 4650 4668 4686 4704 4722 4740 4758 4776 4794 4812 4830 4848 4866 4884 4902 4920 4938 4956 4974 4992 5010 5028 5046 5064 5082 5100 5118
3699 5562 5580 5598 5616 5634 5652 5670 5688 5706 5724 5742 5760 5778 5796 5814 5832 5850 5868 5886 5904 5922 5940 5958 5976 5994 6012 6030 6048 6066 6084 6102 6120 6138 6156 6174 6192 6210 6228 6246 6264 6282 6300 6318 6336 6354 6372 6390 6408 6426 6444 6462 6480 6498 6516 6534 6552 6570 6588 6606 6624 6642 6660 6678 6696 6714 6732 6750 6768 6786 6804 6822 6840 6858 6876 6894 6912 6930 6948 6966 4984 4002 4020 4038 4056 4074 4092 4110 4128 4146 4164 4182 4200 4218 4236 4254 4272 4290 4308 4326 4344 4362 4380 4398 4416 4434 4452 4470 4488 4506 4524 4542
2387 3594 3612 3630 3648 3666 3684 3702 3720 3738 3756 3774 3792 3810 3828 3846 3864 3882 3900 3918 3936 3954 3972 3990 4008 4026 4044 4062 4080 4098 4116 4134 4152 4170 4188 4206 4224 4242 4260 4278 4296 4314 4332 4350 4368 4386 4404 4422 4440 4458 4476 4494 4512 4530 4548 4566 4584 4602 4620 4638 4656 4674 4692 4710 4728 4746 4764 4782 4800 4818 4836 4854 4872 4890 4908 4926 4944 4962 4980 4998 3016 2034 2052 2070 2088 2106 2124 2142 2160 2178 2196 2214 2232 2250 2268 2286 2304 2322 2340 2358 2376 2394 2412 2430 2448 2466 2484 2502 2520 2538 2556 2574
3075 4626 4644 4662 4680 4698 4716 4734 4752 4770 4788 4806 4824 4842 4860 4878 4896 4914 4932 4950 4968 4986 5004 5022 5040 5058 5076 5094 5112 5130 5148 5166 5184 5202 5220 5238 5256 5274 5292 5310 5328 5346 5364 5382 5400 5418 5436 5454 5472 5490 5508 5526 5544 5562 5580 5598 5616 5634 5652 5670 5688 5706 5724 5742 5760 5778 5796 5814 5832 5850 5868 5886 5904 5922 5940 5958 5976 5994 6012 6030 6048 6066 6084 6102 6120 6138 6156 6174 6192 6210 6228 6246 6264 6282 6300 6318 6336 6354 6372 6390 6408 6426 6444 6462 6480 6498 6516 6534 6552 6570 6588 6606
3763 5658 5676 5694 5712 5730 5748 5766 5784 5802 5820 5838 5856 5874 5892 5910 5928 5946 5964 5982 4000 3018 3036 3054 3072 3090 3108 3126 3144 3162 3180 3198 3216 3234 3252 3270 3288 3306 3324 3342 3360 3378 3396 3414 3432 3450 3468 3486 3504 3522 3540 3558 3576 3594 3612 3630 3648 3666 3684 3702 3720 3738 3756 3774 3792 3810 3828 3846 3864 3882 3900 3918 3936 3954 3972 3990 4008 4026 4044 4062 4080 4098 4116 4134 4152 4170 4188 4206 4224 4242 4260 4278 4296 4314 4332 4350 4368 4386 4404 4422 4440 4458 4476 4494 4512 4530 4548 4566 4584 4602 4620 4638
2451 3690 3708 3726 3744 3762 3780 3798 3816 3834 3852 3870 3888 3906 3924 3942 3960 3978 3996 4014 4032 4050 4068 4086 4104 4122 4140 4158 4176 4194 4212 4230 4248 4266 4284 4302 4320 4338 4356 4374 4392 4410 4428 4446 4464 4482 4500 4518 4536 4554 4572 4590 4608 4626 4644 4662 4680 4698 4716 4734 4752 4770 4788 4806 4824 4842 4860 4878 4896 4914 4932 4950 4968 4986 5004 5022 5040 5058 5076 5094 5112 5130 5148 5166 5184 5202 5220 5238 5256 5274 5292 5310 5328 5346 5364 5382 5400 5418 5436 5454 5472 5490 5508 5526 5544 5562 5580 5598 5616 5634 5652 5670
3139 4722 4740 4758 4776 4794 4812 4830 4848 4866 4884 4902 4920 4938 4956 4974 4992 5010 5028 5046 5064 5082 5100 5118 5136 5154 5172 5190 5208 5226 5244 5262 5280 5298 5316 5334 5352 5370 5388 5406 5424 5442 5460 5478 5496 5514 5532 5550 5568 5586 5604 5622 5640 5658 5676 5694 5712 5730 5748 5766 5784 5802 5820 5838 5856 5874 5892 5910 5928 5946 5964 5982 4000 3018 3036 3054 3072 3090 3108 3126 3144 3162 3180 3198 3216 3234 3252 3270 3288 3306 3324 3342 3360 3378 3396 3414 3432 3450 3468 3486 3504 3522 3540 3558 3576 3594 3612 3630 3648 3666 3684 3702
1827 2754 2772 2790 2808 2826 2844 2862 2880 2898 2916 2934 2952 2970 2988 3006 3024 3042 3060 3078 3096 3114 3132 3150 3168 3186 3204 3222 3240 3258 3276 3294 3312 3330 3348 3366 3384 3402 3420 3438 3456 3474 3492 3510 3528 3546 3564 3582 3600 3618 3636 3654 3672 3690 3708 3726 3744 3762 3780 3798 3816 3834 3852 3870 3888 3906 3924 3942 3960 3978 3996 4014 4032 4050 4068 4086 4104 4122 4140 4158 4176 4194 4212 4230 4248 4266 4284 4302 4320 4338 4356 4374 4392 4410 4428 4446 4464 4482 4500 4518 4536 4554 4572 4590 4608 4626 4644 4662 4680 4698 4716 4734
4515 6786 6804 6822 6840 6858 6876 6894 6912 6930 6948 6966 4984 4002 4020 4038 4056 4074 4092 4110 4128 4146 4164 4182 4200 4218 4236 4254 4272 4290 4308 4326 4344 4362 4380 4398 4416 4434 4452 4470 4488 4506 4524 4542 4560 4578 4596 4614 4632 4650 4668 4686 4704 4722 4740 4758 4776 4794 4812 4830 4848 4866 4884 4902 4920 4938 4956 4974 4992 5010 5028 5046 5064 5082 5100 5118 5136 5154 5172 5190 5208 5226 5244 5262 5280 5298 5316 5334 5352 5370 5388 5406 5424 5442 5460 5478 5496 5514 5532 5550 5568 5586 5604 5622 5640 5658 5676 5694 5712 5730 5748 5766
3203 4818 4836 4854 4872 4890 4908 4926 4944 4962 4980 4998 3016 2034 2052 2070 2088 2106 2124 2142 2160 2178 2196 2214 2232 2250 2268 2286 2304 2322 2340 2358 2376 2394 2412 2430 2448 2466 2484 2502 2520 2538 2556 2574 2592 2610 2628 2646 2664 2682 2700 2718 2736 2754 2772 2790 2808 2826 2844 2862 2880 2898 2916 2934 2952 2970 2988 3006 3024 3042 3060 3078 3096 3114 3132 3150 3168 3186 3204 3222 3240 3258 3276 3294 3312 3330 3348 3366 3384 3402 3420 3438 3456 3474 3492 3510 3528 3546 3564 3582 3600 3618 3636 3654 3672 3690 3708 3726 3744 3762 3780 3798
3891 5850 5868 5886 5904 5922 5940 5958 5976 5994 6012 6030 6048 6066 6084 6102 6120 6138 6156 6174 6192 6210 6228 6246 6264 6282 6300 6318 6336 6354 6372 6390 6408 6426 6444 6462 6480 6498 6516 6534 6552 6570 6588 6606 6624 6642 6660 6678 6696 6714 6732 6750 6768 6786 6804 6822 6840 6858 6876 6894 6912 6930 6948 6966 4984 4002 4020 4038 4056 4074 4092 4110 4128 4146 4164 4182 4200 4218 4236 4254 4272 4290 4308 4326 4344 4362 4380 4398 4416 4434 4452 4470 4488 4506 4524 4542 4560 4578 4596 4614 4632 4650 4668 4686 4704 4722 4740 4758 4776 4794 4812 4830
2579 3882 3900 3918 3936 3954 3972 3990 4008 4026 4044 4062 4080 4098 4116 4134 4152 4170 4188 4206 4224 4242 4260 4278 4296 4314 4332 4350 4368 4386 4404 4422 4440 4458 4476 4494 4512 4530 4548 4566 4584 4602 4620 4638 4656 4674 4692 4710 4728 4746 4764 4782 4800 4818 4836 4854 4872 4890 4908 4926 4944 4962 4980 4998 3016 2034 2052 2070 2088 2106 2124 2142 2160 2178 2196 2214 2232 2250 2268 2286 2304 2322 2340 2358 2376 2394 2412 2430 2448 2466 2484 2502 2520 2538 2556 2574 2592 2610 2628 2646 2664 2682 2700 2718 2736 2754 2772 2790 2808 2826 2844 2862
3267 4914 4932 4950 4968 4986 5004 5022 5040 5058 5076 5094 5112 5130 5148 5166 5184 5202 5220 5238 5256 5274 5292 5310 5328 5346 5364 5382 5400 5418 5436 5454 5472 5490 5508 5526 5544 5562 5580 5598 5616 5634 5652 5670 5688 5706 5724 5742 5760 5778 5796 5814 5832 5850 5868 5886 5904 5922 5940 5958 5976 5994 6012 6030 6048 6066 6084 6102 6120 6138 6156 6174 6192 6210 6228 6246 6264 6282 6300 6318 6336 6354 6372 6390 6408 6426 6444 6462 6480 6498 6516 6534 6552 6570 6588 6606 6624 6642 6660 6678 6696 6714 6732 6750 6768 6786 6804 6822 6840 6858 6876 6894
3955 5946 5964 5982 4000 3018 3036 3054 3072 3090 3108 3126 3144 3162 3180 3198 3216 3234 3252 3270 3288 3306 3324 3342 3360 3378 3396 3414 3432 3450 3468 3486 3504 3522 3540 3558 3576 3594 3612 3630 3648 3666 3684 3702 3720 3738 3756 3774 3792 3810 3828 3846 3864 3882 3900 3918 3936 3954 3972 3990 4008 4026 4044 4062 4080 4098 4116 4134 4152 4170 4188 4206 4224 4242 4260 4278 4296 4314 4332 4350 4368 4386 4404 4422 4440 4458 4476 4494 4512 4530 4548 4566 4584 4602 4620 4638 4656 4674 4692 4710 4728 4746 4764 4782 4800 4818 4836 4854 4872 4890 4908 4926
2643 3978 3996 4014 4032 4050 4068 4086 4104 4122 4140 4158 4176 4194 4212 4230 4248 4266 4284 4302 4320 4338 4356 4374 4392 4410 4428 4446 4464 4482 4500 4518 4536 4554 4572 4590 4608 4626 4644 4662 4680 4698 4716 4734 4752 4770 4788 4806 4824 4842 4860 4878 4896 4914 4932 4950 4968 4986 5004 5022 5040 5058 5076 5094 5112 5130 5148 5166 5184 5202 5220 5238 5256 5274 5292 5310 5328 5346 5364 5382 5400 5418 5436 5454 5472 5490 5508 5526 5544 5562 5580 5598 5616 5634 5652 5670 5688 5706 5724 5742 5760 5778 5796 5814 5832 5850 5868 5886 5904 5922 5940 5958
3331 5010 5028 5046 5064 5082 5100 5118 5136 5154 5172 5190 5208 5226 5244 5262 5280 5298 5316 5334 5352 5370 5388 5406 5424 5442 5460 5478 5496 5514 5532 5550 5568 5586 5604 5622 5640 5658 5676 5694 5712 5730 5748 5766 5784 5802 5820 5838 5856 5874 5892 5910 5928 5946 5964 5982 4000 3018 3036 3054 3072 3090 3108 3126 3144 3162 3180 3198 3216 3234 3252 3270 3288 3306 3324 3342 3360 3378 3396 3414 3432 3450 3468 3486 3504 3522 3540 3558 3576 3594 3612 3630 3648 3666 3684 3702 3720 3738 3756 3774 3792 3810 3828 3846 3864 3882 3900 3918 3936 3954 3972 3990
2019 3042 3060 3078 3096 3114 3132 3150 3168 3186 3204 3222 3240 3258 3276 3294 3312 3330 3348 3366 3384 3402 3420 3438 3456 3474 3492 3510 3528 3546 3564 3582 3600 3618 3636 3654 3672 3690 3708 3726 3744 3762 3780 3798 3816 3834 3852 3870 3888 3906 3924 3942 3960 3978 3996 4014 4032 4050 4068 4086 4104 4122 4140 4158 4176 4194 4212 4230 4248 4266 4284 4302 4320 4338 4356 4374 4392 4410 4428 4446 4464 4482 4500 4518 4536 4554 4572 4590 4608 4626 4644 4662 4680 4698 4716 4734 4752 4770 4788 4806 4824 4842 4860 4878 4896 4914 4932 4950 4968 4986 5004 5022
2707 4074 4092 4110 4128 4146 4164 4182 4200 4218 4236 4254 4272 4290 4308 4326 4344 4362 4380 4398 4416 4434 4452 4470 4488 4506 4524 4542 4560 4578 4596 4614 4632 4650 4668 4686 4704 4722 4740 4758 4776 4794 4812 4830 4848 4866 4884 4902 4920 4938 4956 4974 4992 5010 5028 5046 5064 5082 5100 5118 5136 5154 5172 5190 5208 5226 5244 5262 5280 5298 5316 5334 5352 5370 5388 5406 5424 5442 5460 5478 5496 5514 5532 5550 5568 5586 5604 5622 5640 5658 5676 5694 5712 5730 5748 5766 5784 5802 5820 5838 5856 5874 5892 5910 5928 5946 5964 5982 4000 3018 3036 3054
1395 2106 2124 2142 2160 2178 2196 2214 2232 2250 2268 2286 2304 2322 2340 2358 2376 2394 2412 2430 2448 2466 2484 2502 2520 2538 2556 2574 2592 2610 2628 2646 2664 2682 2700 2718 2736 2754 2772 2790 2808 2826 2844 2862 2880 2898 2916 2934 2952 2970 2988 3006 3024 3042 3060 3078 3096 3114 3132 3150 3168 3186 3204 3222 3240 3258 3276 3294 3312 3330 3348 3366 3384 3402 3420 3438 3456 3474 3492 3510 3528 3546 3564 3582 3600 3618 3636 3654 3672 3690 3708 3726 3744 3762 3780 3798 3816 3834 3852 3870 3888 3906 3924 3942 3960 3978 3996 4014 4032 4050 4068 4086
4083 6138 6156 6174 6192 6210 6228 6246 6264 6282 6300 6318 6336 6354 6372 6390 6408 6426 6444 6462 6480 6498 6516 6534 6552 6570 6588 6606 6624 6642 6660 6678 6696 6714 6732 6750 6768 6786 6804 6822 6840 6858 6876 6894 6912 6930 6948 6966 4984 4002 4020 4038 4056 4074 4092 4110 4128 4146 4164 4182 4200 4218 4236 4254 4272 4290 4308 4326 4344 4362 4380 4398 4416 4434 4452 4470 4488 4506 4524 4542 4560 4578 4596 4614 4632 4650 4668 4686 4704 4722 4740 4758 4776 4794 4812 4830 4848 4866 4884 4902 4920 4938 4956 4974 4992 5010 5028 5046 5064 5082 5100 5118
2771 4170 4188 4206 4224 4242 4260 4278 4296 4314 4332 4350 4368 4386 4404 4422 4440 4458 4476 4494 4512 4530 4548 4566 4584 4602 4620 4638 4656 4674 4692 4710 4728 4746 4764 4782 4800 4818 4836 4854 4872 4890 4908 4926 4944 4962 4980 4998 3016 2034 2052 2070 2088 2106 2124 2142 2160 2178 2196 2214 2232 2250 2268 2286 2304 2322 2340 2358 2376 2394 2412 2430 2448 2466 2484 2502 2520 2538 2556 2574 2592 2610 2628 2646 2664 2682 2700 2718 2736 2754 2772 2790 2808 2826 2844 2862 2880 2898 2916 2934 2952 2970 2988 3006 3024 3042 3060 3078 3096 3114 3132 3150
3459 5202 5220 5238 5256 5274 5292 5310 5328 5346 5364 5382 5400 5418 5436 5454 5472 5490 5508 5526 5544 5562 5580 5598 5616 5634 5652 5670 5688 5706 5724 5742 5760 5778 5796 5814 5832 5850 5868 5886 5904 5922 5940 5958 5976 5994 6012 6030 6048 6066 6084 6102 6120 6138 6156 6174 6192 6210 6228 6246 6264 6282 6300 6318 6336 6354 6372 6390 6408 6426 6444 6462 6480 6498 6516 6534 6552 6570 6588 6606 6624 6642 6660 6678 6696 6714 6732 6750 6768 6786 6804 6822 6840 6858 6876 6894 6912 6930 6948 6966 4984 4002 4020 4038 4056 4074 4092 4110 4128 4146 4164 4182
2147 3234 3252 3270 3288 3306 3324 3342 3360 3378 3396 3414 3432 3450 3468 3486 3504 3522 3540 3558 3576 3594 3612 3630 3648 3666 3684 3702 3720 3738 3756 3774 3792 3810 3828 3846 3864 3882 3900 3918 3936 3954 3972 3990 4008 4026 4044 4062 4080 4098 4116 4134 4152 4170 4188 4206 4224 4242 4260 4278 4296 4314 4332 4350 4368 4386 4404 4422 4440 4458 4476 4494 4512 4530 4548 4566 4584 4602 4620 4638 4656 4674 4692 4710 4728 4746 4764 4782 4800 4818 4836 4854 4872 4890 4908 4926 4944 4962 4980 4998 3016 2034 2052 2070 2088 2106 2124 2142 2160 2178 2196 2214
2835 4266 4284 4302 4320 4338 4356 4374 4392 4410 4428 4446 4464 4482 4500 4518 4536 4554 4572 4590 4608 4626 4644 4662 4680 4698 4716 4734 4752 4770 4788 4806 4824 4842 4860 4878 4896 4914 4932 4950 4968 4986 5004 5022 5040 5058 5076 5094 5112 5130 5148 5166 5184 5202 5220 5238 5256 5274 5292 5310 5328 5346 5364 5382 5400 5418 5436 5454 5472 5490 5508 5526 5544 5562 5580 5598 5616 5634 5652 5670 5688 5706 5724 5742 5760 5778 5796 5814 5832 5850 5868 5886 5904 5922 5940 5958 5976 5994 6012 6030 6048 6066 6084 6102 6120 6138 6156 6174 6192 6210 6228 6246
3523 5298 5316 5334 5352 5370 5388 5406 5424 5442 5460 5478 5496 5514 5532 5550 5568 5586 5604 5622 5640 5658 5676 5694 5712 5730 5748 5766 5784 5802 5820 5838 5856 5874 5892 5910 5928 5946 5964 5982 4000 3018 3036 3054 3072 3090 3108 3126 3144 3162 3180 3198 3216 3234 3252 3270 3288 3306 3324 3342 3360 3378 3396 3414 3432 3450 3468 3486 3504 3522 3540 3558 3576 3594 3612 3630 3648 3666 3684 3702 3720 3738 3756 3774 3792 3810 3828 3846 3864 3882 3900 3918 3936 3954 3972 3990 4008 4026 4044 4062 4080 4098 4116 4134 4152 4170 4188 4206 4224 4242 4260 4278
2211 3330 3348 3366 3384 3402 3420 3438 3456 3474 3492 3510 3528 3546 3564 3582 3600 3618 3636 3654 3672 3690 3708 3726 3744 3762 3780 3798 3816 3834 3852 3870 3888 3906 3924 3942 3960 3978 3996 4014 4032 4050 4068 4086 4104 4122 4140 4158 4176 4194 4212 4230 4248 4266 4284 4302 4320 4338 4356 4374 4392 4410 4428 4446 4464 4482 4500 4518 4536 4554 4572 4590 4608 4626 4644 4662 4680 4698 4716 4734 4752 4770 4788 4806 4824 4842 4860 4878 4896 4914 4932 4950 4968 4986 5004 5022 5040 5058 5076 5094 5112 5130 5148 5166 5184 5202 5220 5238 5256 5274 5292 5310
2899 4362 4380 4398 4416 4434 4452 4470 4488 4506 4524 4542 4560 4578 4596 4614 4632 4650 4668 4686 4704 4722 4740 4758 4776 4794 4812 4830 4848 4866 4884 4902 4920 4938 4956 4974 4992 5010 5028 5046 5064 5082 5100 5118 5136 5154 5172 5190 5208 5226 5244 5262 5280 5298 5316 5334 5352 5370 5388 5406 5424 5442 5460 5478 5496 5514 5532 5550 5568 5586 5604 5622 5640 5658 5676 5694 5712 5730 5748 5766 5784 5802 5820 5838 5856 5874 5892 5910 5928 5946 5964 5982 4000 3018 3036 3054 3072 3090 3108 3126 3144 3162 3180 3198 3216 3234 3252 3270 3288 3306 3324 3342
1587 2394 2412 2430 2448 2466 2484 2502 2520 2538 2556 2574 2592 2610 2628 2646 2664 2682 2700 2718 2736 2754 2772 2790 2808 2826 2844 2862 2880 2898 2916 2934 2952 2970 2988 3006 3024 3042 3060 3078 3096 3114 3132 3150 3168 3186 3204 3222 3240 3258 3276 3294 3312 3330 3348 3366 3384 3402 3420 3438 3456 3474 3492 3510 3528 3546 3564 3582 3600 3618 3636 3654 3672 3690 3708 3726 3744 3762 3780 3798 3816 3834 3852 3870 3888 3906 3924 3942 3960 3978 3996 4014 4032 4050 4068 4086 4104 4122 4140 4158 4176 4194 4212 4230 4248 4266 4284 4302 4320 4338 4356 4374
4275 6426 6444 6462 6480 6498 6516 6534 6552 6570 6588 6606 6624 6642 6660 6678 6696 6714 6732 6750 6768 6786 6804 6822 6840 6858 6876 6894 6912 6930 6948 6966 4984 4002 4020 4038 4056 4074 4092 4110 4128 4146 4164 4182 4200 4218 4236 4254 4272 4290 4308 4326 4344 4362 4380 4398 4416 4434 4452 4470 4488 4506 4524 4542 4560 4578 4596 4614 4632 4650 4668 4686 4704 4722 4740 4758 4776 4794 4812 4830 4848 4866 4884 4902 4920 4938 4956 4974 4992 5010 5028 5046 5064 5082 5100 5118 5136 5154 5172 5190 5208 5226 5244 5262 5280 5298 5316 5334 5352 5370 5388 5406
2963 4458 4476 4494 4512 4530 4548 4566 4584 4602 4620 4638 4656 4674 4692 4710 4728 4746 4764 4782 4800 4818 4836 4854 4872 4890 4908 4926 4944 4962 4980 4998 3016 2034 2052 2070 2088 2106 2124 2142 2160 2178 2196 2214 2232 2250 2268 2286 2304 2322 2340 2358 2376 2394 2412 2430 2448 2466 2484 2502 2520 2538 2556 2574 2592 2610 2628 2646 2664 2682 2700 2718 2736 2754 2772 2790 2808 2826 2844 2862 2880 2898 2916 2934 2952 2970 2988 3006 3024 3042 3060 3078 3096 3114 3132 3150 3168 3186 3204 3222 3240 3258 3276 3294 3312 3330 3348 3366 3384 3402 3420 3438
3651 5490 5508 5526 5544 5562 5580 5598 5616 5634 5652 5670 5688 5706 5724 5742 5760 5778 5796 5814 5832 5850 5868 5886 5904 5922 5940 5958 5976 5994 6012 6030 6048 6066 6084 6102 6120 6138 6156 6174 6192 6210 6228 6246 6264 6282 6300 6318 6336 6354 6372 6390 6408 6426 6444 6462 6480 6498 6516 6534 6552 6570 6588 6606 6624 6642 6660 6678 6696 6714 6732 6750 6768 6786 6804 6822 6840 6858 6876 6894 6912 6930 6948 6966 4984 4002 4020 4038 4056 4074 4092 4110 4128 4146 4164 4182 4200 4218 4236 4254 4272 4290 4308 4326 4344 4362 4380 4398 4416 4434 4452 4470
2339 3522 3540 3558 3576 3594 3612 3630 3648 3666 3684 3702 3720 3738 3756 3774 3792 3810 3828 3846 3864 3882 3900 3918 3936 3954 3972 3990 4008 4026 4044 4062 4080 4098 4116 4134 4152 4170 4188 4206 4224 4242 4260 4278 4296 4314 4332 4350 4368 4386 4404 4422 4440 4458 4476 4494 4512 4530 4548 4566 4584 4602 4620 4638 4656 4674 4692 4710 4728 4746 4764 4782 4800 4818 4836 4854 4872 4890 4908 4926 4944 4962 4980 4998 3016 2034 2052 2070 2088 2106 2124 2142 2160 2178 2196 2214 2232 2250 2268 2286 2304 2322 2340 2358 2376 2394 2412 2430 2448 2466 2484 2502
3027 4554 4572 4590 4608 4626 4644 4662 4680 4698 4716 4734 4752 4770 4788 4806 4824 4842 4860 4878 4896 4914 4932 4950 4968 4986 5004 5022 5040 5058 5076 5094 5112 5130 5148 5166 5184 5202 5220 5238 5256 5274 5292 5310 5328 5346 5364 5382 5400 5418 5436 5454 5472 5490 5508 5526 5544 5562 5580 5598 5616 5634 5652 5670 5688 5706 5724 5742 5760 5778 5796 5814 5832 5850 5868 5886 5904 5922 5940 5958 5976 5994 6012 6030 6048 6066 6084 6102 6120 6138 6156 6174 6192 6210 6228 6246 6264 6282 6300 6318 6336 6354 6372 6390 6408 6426 6444 6462 6480 6498 6516 6534
3715 5586 5604 5622 5640 5658 5676 5694 5712 5730 5748 5766 5784 5802 5820 5838 5856 5874 5892 5910 5928 5946 5964 5982 4000 3018 3036 3054 3072 3090 3108 3126 3144 3162 3180 3198 3216 3234 3252 3270 3288 3306 3324 3342 3360 3378 3396 3414 3432 3450 3468 3486 3504 3522 3540 3558 3576 3594 3612 3630 3648 3666 3684 3702 3720 3738 3756 3774 3792 3810 3828 3846 3864 3882 3900 3918 3936 3954 3972 3990 4008 4026 4044 4062 4080 4098 4116 4134 4152 4170 4188 4206 4224 4242 4260 4278 4296 4314 4332 4350 4368 4386 4404 4422 4440 4458 4476 4494 4512 4530 4548 4566
2403 3618 3636 3654 3672 3690 3708 3726 3744 3762 3780 3798 3816 3834 3852 3870 3888 3906 3924 3942 3960 3978 3996 4014 4032 4050 4068 4086 4104 4122 4140 4158 4176 4194 4212 4230 4248 4266 4284 4302 4320 4338 4356 4374 4392 4410 4428 4446 4464 4482 4500 4518 4536 4554 4572 4590 4608 4626 4644 4662 4680 4698 4716 4734 4752 4770 4788 4806 4824 4842 4860 4878 4896 4914 4932 4950 4968 4986 5004 5022 5040 5058 5076 5094 5112 5130 5148 5166 5184 5202 5220 5238 5256 5274 5292 5310 5328 5346 5364 5382 5400 5418 5436 5454 5472 5490 5508 5526 5544 5562 5580 5598
3091 4650 4668 4686 4704 4722 4740 4758 4776 4794 4812 4830 4848 4866 4884 4902 4920 4938 4956 4974 4992 5010 5028 5046 5064 5082 5100 5118 5136 5154 5172 5190 5208 5226 5244 5262 5280 5298 5316 5334 5352 5370 5388 5406 5424 5442 5460 5478 5496 5514 5532 5550 5568 5586 5604 5622 5640 5658 5676 5694 5712 5730 5748 5766 5784 5802 5820 5838 5856 5874 5892 5910 5928 5946 5964 5982 4000 3018 3036 3054 3072 3090 3108 3126 3144 3162 3180 3198 3216 3234 3252 3270 3288 3306 3324 3342 3360 3378 3396 3414 3432 3450 3468 3486 3504 3522 3540 3558 3576 3594 3612 3630
1779 2682 2700 2718 2736 2754 2772 2790 2808 2826 2844 2862 2880 2898 2916 2934 2952 2970 2988 3006 3024 3042 3060 3078 3096 3114 3132 3150 3168 3186 3204 3222 3240 3258 3276 3294 3312 3330 3348 3366 3384 3402 3420 3438 3456 3474 3492 3510 3528 3546 3564 3582 3600 3618 3636 3654 3672 3690 3708 3726 3744 3762 3780 3798 3816 3834 3852 3870 3888 3906 3924 3942 3960 3978 3996 4014 4032 4050 4068 4086 4104 4122 4140 4158 4176 4194 4212 4230 4248 4266 4284 4302 4320 4338 4356 4374 4392 4410 4428 4446 4464 4482 4500 4518 4536 4554 4572 4590 4608 4626 4644 4662
4467 6714 6732 6750 6768 6786 6804 6822 6840 6858 6876 6894 6912 6930 6948 6966 4984 4002 4020 4038 4056 4074 4092 4110 4128 4146 4164 4182 4200 4218 4236 4254 4272 4290 4308 4326 4344 4362 4380 4398 4416 4434 4452 4470 4488 4506 4524 4542 4560 4578 4596 4614 4632 4650 4668 4686 4704 4722 4740 4758 4776 4794 4812 4830 4848 4866 4884 4902 4920 4938 4956 4974 4992 5010 5028 5046 5064 5082 5100 5118 5136 5154 5172 5190 5208 5226 5244 5262 5280 5298 5316 5334 5352 5370 5388 5406 5424 5442 5460 5478 5496 5514 5532 5550 5568 5586 5604 5622 5640 5658 5676 5694
3155 4746 4764 4782 4800 4818 4836 4854 4872 4890 4908 4926 4944 4962 4980 4998 3016 2034 2052 2070 2088 2106 2124 2142 2160 2178 2196 2214 2232 2250 2268 2286 2304 2322 2340 2358 2376 2394 2412 2430 2448 2466 2484 2502 2520 2538 2556 2574 2592 2610 2628 2646 2664 2682 2700 2718 2736 2754 2772 2790 2808 2826 2844 2862 2880 2898 2916 2934 2952 2970 2988 3006 3024 3042 3060 3078 3096 3114 3132 3150 3168 3186 3204 3222 3240 3258 3276 3294 3312 3330 3348 3366 3384 3402 3420 3438 3456 3474 3492 3510 3528 3546 3564 3582 3600 3618 3636 3654 3672 3690 3708 3726
